808465461
808466484
808466489
808466737
808466742
808477281
808477541
808477744
808477747
808478053
808478256
808530020
808530743
808530788
808531043
808531045
808532023
808532274
808532281
808542563
808542821
808543797
808543842
808543842
808595511
808596784
808597048
808597093
808597812
808597857
808597859
808608312
808608612
808608820
808609073
808609332
808661089
808661298
808661808
808662370
808662372
808662584
808662839
808662885
808673638
808673889
808674352
808674869
808726580
808726627
808726840
808726841
808727139
808727351
808728121
808728165
808728678
808740400
808792421
808792633
808792886
808793143
808793187
808793444
808794163
808794168
808794419
808794420
808804657
808804966
808805732
808805941
808857656
808858164
808859702
808870246
808870449
808871270
808923696
808924001
808924214
808924469
808924517
808924771
808925028
808925286
808925537
808936496
808936550
808936802
808988984
808989027
808989234
808989285
808989796
808990009
808990261
808990305
808990309
809001269
809001527
809001527
809001825
809002595
809002597
809054263
809054513
809054817
809055031
809055074
809056057
809056310
809066850
809066853
811675745
811677281
811677491
811677492
811688289
811688755
811689264
811742006
811742256
811742773
811743078
811743586
811753826
811754342
811754851
811807029
811807029
811807541
811808358
811808816
811809081
811819313
811819831
811820086
811820345
811872304
811872357
811872562
811873080
811873328
811873333
811873592
811874147
811874608
811874609
811885104
811885108
811885112
811885158
811885410
811885616
811885924
811885925
811937848
811938361
811938610
811938662
811940196
811950391
811950391
811950437
811951416
811951457
812003425
812003888
812004153
812004153
812004403
812004920
812005174
812005680
812005688
825241653
825241656
825241911
825242163
825242468
825254193
825254241
825254963
825254969
825255222
825307189
825307235
825307702
825308466
825308515
825308978
825319984
825320496
825320754
825372977
825373496
825385526
825385570
825385574
825386546
825438256
825438821
825439078
825439289
825439586
825440309
825450800
825450807
825451365
825504305
825504306
825504312
825504354
825505378
825506148
825517156
825569328
825569379
825569847
825571173
825571384
825571637
825571682
825581878
825581923
825582135
825582946
825583206
825635121
825635174
825637176
825647414
825648433
825648692
825648738
825700660
825700921
825701689
825702198
825702244
825702246
825712948
825713505
825713507
825713970
825713974
825766449
825766965
825768247
825778481
825778532
825831735
825831987
825832249
825832293
825832806
825833266
825833785
825844786
825845043
825845044
825845046
828453169
828453433
828453989
828465459
828466231
828466231
828466231
828466485
828518498
828518712
828519013
828519475
828519521
828520497
828520500
828531250
828531554
828532280
828583987
828584035
828584499
828584502
828585009
828585779
828586039
828586041
828596529
828596833
828597045
828597350
828597557
828649826
828650041
828650297
828650551
828650596
828650800
828651825
828715108
828715878
828727607
828727654
828728163
828780646
828781155
828781362
828781879
828782388
828782391
828782392
828782905
828793400
828794417
828794421
828794425
842018871
842019120
